0 1 2 9999
1 0 2 3
2 0 1 4
3 1 5 6
4 2 7 8
5 3 6 9
6 3 5 7
7 4 6 8
8 4 7 10
9 5 11 12
10 8 13 14
11 9 12 15
12 9 11 16
13 10 14 17
14 10 13 18
15 11 16 19
16 12 21 22
17 13 23 24
18 14 25 26
19 15 20 27
20 15 19 21
21 16 20 22
22 16 21 23
23 17 22 24
24 17 23 25
25 18 24 26
26 18 25 28
27 19 29 30
28 26 31 32
29 27 30 33
30 27 29 34
31 28 31 32
32 28 31 36
33 29 37 38
34 30 39 40
35 31 41 42
36 32 43 44
37 33 38 45
38 33 37 39
39 34 38 40
40 34 39 46
41 35 42 47
42 35 41 43
43 36 42 44
44 36 43 48
45 37 49 50
46 40 51 52
47 41 53 54
48 44 55 56
49 45 50 57
50 45 49 58
51 46 52 59
52 46 51 60
53 47 54 61
54 47 53 62
55 48 56 63
56 48 55 64
57 49 65 66
58 50 67 68 
59 51 69 70
60 52 71 72
61 53 73 74
62 54 75 76
63 55 77 78
64 56 79 80
65 57 66 9999
66 57 65 67
67 58 66 68
68 58 67 69
69 59 68 70
70 59 69 71
71 60 70 72
72 60 71 73
73 61 72 74
74 61 73 75
75 62 74 76
76 62 75 77
77 63 76 78
78 63 77 79
79 64 78 80
80 64 79 9999