0 1 1 1 1
1 1 1 1 2
2 1 1 1 3
3 1 1 3 2
4 1 1 2 3
5 1 1 3 3
6 1 1 3 1
7 1 1 2 1
8 1 1 2 2
9 1 2 3 3
10 1 3 2 2
11 1 2 3 1
12 1 2 3 2
13 1 3 2 3
14 1 3 2 1
15 1 2 2 1
16 1 2 1 2
17 1 3 1 3
18 1 3 3 1
19 1 2 2 2
20 1 2 2 3
21 1 2 1 3
22 1 2 1 1
23 1 3 1 1
24 1 3 1 2
25 1 3 3 2
26 1 3 3 3
27 3 2 2 2
28 2 3 3 3
29 3 2 2 3
30 3 2 2 1
31 2 3 3 1
32 2 3 3 2
33 3 2 1 3
34 3 2 3 1
35 2 3 2 1
36 2 3 1 2
37 3 2 1 1
38 3 2 1 2
39 3 2 3 2
40 3 2 3 3
41 2 3 2 2
42 2 3 2 3
43 2 3 1 3
44 2 3 1 1
45 3 3 1 1
46 3 1 3 3
47 2 1 2 2
48 2 2 1 1
49 3 3 1 2
50 3 3 1 3
51 3 1 3 1
52 3 1 3 2
53 2 1 2 3
54 2 1 2 1
55 2 2 1 2
56 2 2 1 3
57 3 3 3 2
58 3 3 2 3
59 3 1 2 1
60 3 1 1 2
61 2 1 1 3
62 2 1 3 1
63 2 2 3 2
64 2 2 2 3
65 3 3 3 3
66 3 3 3 1
67 3 3 2 1
68 3 3 2 2
69 3 1 2 2
70 3 1 2 3
71 3 1 1 3
72 3 1 1 1
73 2 1 1 1
74 2 1 1 2
75 2 1 3 2
76 2 1 3 3
77 2 2 3 3
78 2 2 3 1
79 2 2 2 1
80 2 2 2 2