0 1 1 1 1 1 2 9999
1 1 1 1 2 0 2 3
2 1 1 1 3 0 1 4
3 1 1 3 2 1 5 6
4 1 1 2 3 2 7 8
5 1 1 3 3 3 6 9
6 1 1 3 1 3 5 7
7 1 1 2 1 4 6 8
8 1 1 2 2 4 7 10
9 1 2 3 3 5 11 12
10 1 3 2 2 8 13 14
11 1 2 3 1 9 12 15
12 1 2 3 2 9 11 16
13 1 3 2 3 10 14 17
14 1 3 2 1 10 13 18
15 1 2 2 1 11 16 19
16 1 2 1 2 12 21 22
17 1 3 1 3 13 23 24
18 1 3 3 1 14 25 26
19 1 2 2 2 15 20 27
20 1 2 2 3 15 19 21
21 1 2 1 3 16 20 22
22 1 2 1 1 16 21 23
23 1 3 1 1 17 22 24
24 1 3 1 2 17 23 25
25 1 3 3 2 18 24 26
26 1 3 3 3 18 25 28
27 3 2 2 2 19 29 30
28 2 3 3 3 26 31 32
29 3 2 2 3 27 30 33
30 3 2 2 1 27 29 34
31 2 3 3 1 28 31 32
32 2 3 3 2 28 31 36
33 3 2 1 3 29 37 38
34 3 2 3 1 30 39 40
35 2 3 2 1 31 41 42
36 2 3 1 2 32 43 44
37 3 2 1 1 33 38 45
38 3 2 1 2 33 37 39
39 3 2 3 2 34 38 40
40 3 2 3 3 34 39 46
41 2 3 2 2 35 42 47
42 2 3 2 3 35 41 43
43 2 3 1 3 36 42 44
44 2 3 1 1 36 43 48
45 3 3 1 1 37 49 50
46 3 1 3 3 40 51 52
47 2 1 2 2 41 53 54
48 2 2 1 1 44 55 56
49 3 3 1 2 45 50 57
50 3 3 1 3 45 49 58
51 3 1 3 1 46 52 59
52 3 1 3 2 46 51 60
53 2 1 2 3 47 54 61
54 2 1 2 1 47 53 62
55 2 2 1 2 48 56 63
56 2 2 1 3 48 55 64
57 3 3 3 2 49 65 66
58 3 3 2 3 50 67 68 
59 3 1 2 1 51 69 70
60 3 1 1 2 52 71 72
61 2 1 1 3 53 73 74
62 2 1 3 1 54 75 76
63 2 2 3 2 55 77 78
64 2 2 2 3 56 79 80
65 3 3 3 3 57 66 9999
66 3 3 3 1 57 65 67
67 3 3 2 1 58 66 68
68 3 3 2 2 58 67 69
69 3 1 2 2 59 68 70
70 3 1 2 3 59 69 71
71 3 1 1 3 60 70 72
72 3 1 1 1 60 71 73
73 2 1 1 1 61 72 74
74 2 1 1 2 61 73 75
75 2 1 3 2 62 74 76
76 2 1 3 3 62 75 77
77 2 2 3 3 63 76 78
78 2 2 3 1 63 77 79
79 2 2 2 1 64 78 80
80 2 2 2 2 64 79 9999